9800
39069 3385494 2196126 2191108
9600
62826 3048793 1843323 2480934
9500
25749 2892654 3176209 1974400
10000
63023 2734401 3250674 1813096
9900
57922 2669742 2152398 1826114
9200
31051 2818070 2076874 1889569
9300
23880 2773603 2617885 2193161
8100
100134 3297810 2218854 1566652
9700
45739 2326754 2159963 2217091
9100
53975 2557514 1996650 1948207
9400
31097 2343698 2920951 2451955
8800
45508 2489457 2645606 1899311
8900
69439 2434872 2204586 2206791
8600
26213 2642150 2619168 1407829
8300
43127 2626995 2473359 2111391
8700
18619 2386264 1869672 1755023
8400
32702 2451560 2005986 1696698
9000
122147 2095540 2573360 2033595
8500
50965 2345401 1939448 1566383
7700
41248 2465381 1271791 2063588
8000
40210 2363951 1630934 1642067
7800
50171 2355466 1899670 1769086
7600
83370 2273125 2393043 1747222
7900
40411 2097718 1921535 2879838
7400
22375 2207431 1983020 1529169
8200
25087 1829733 2288780 2219950
7500
44952 1985475 2224279 1499758
6800
20598 2203850 1397396 1519729
6700
37688 2101822 1911156 1639614
7300
62616 1887303 1916555 1917632
7200
40326 1795957 1540855 1125527
6900
45505 1664197 2120152 1603297
6600
27544 1807281 1220567 1839609
6100
186178 1885343 1658244 1411434
7100
65389 1512226 2013170 1884158
6500
12126 1739956 1683246 1543659
7000
132834 1506230 1688237 2109570
6300
33335 1757674 1860813 1189517
6200
17356 1645427 1182803 1759764
6400
55536 1483233 1422783 1610220
6000
18774 1541904 1244865 1475620
2600
11958 615294 475873 339772
2400
12501 589427 335777 493039
2500
10274 473660 342585 440749
2700
191082 433698 683363 603048
2300
8446 437934 612670 297605
2800
96880 359986 626404 550951
2100
10107 585082 662710 678776
2200
6364 201159 734998 568133
2000
9993 232196 604046 553522
1900
8039 177500 145849 236489
1800
8389 138911 357580 553712
1700
5989 96977 238817 144957
1600
14714 73806 193461 462089
1500
76105 111809 117543 76276
1000
2084 164755 327843 188629
3100
14622 390993 527339 684289
200
2371 7963 23924 48661
300
104920 10601 40078 69561
100
113 30240 23698 4560
1400
13879 79960 74622 87762
400
1700 10284 16515 85517
500
3373 15141 17812 283586
600
5592 134792 16091 119275
700
3996 25302 18999 98687
900
2850 35063 26413 249685
800
1743 124793 23105 181929
1200
3208 35686 348784 453168
1300
7107 41138 285181 71242
1100
3013 129387 39707 255029
2900
65155 497392 861173 628582
3300
10987 546511 806839 656819
3000
20176 706167 611991 877764
3200
23544 729766 544065 493105
3400
15769 711969 1012133 873275
3700
24499 589232 1039353 839097
3600
32790 682549 657946 721233
3500
39402 764782 781328 672135
4000
22138 601369 1132094 696827
3900
46598 714268 643124 686952
3800
18613 746468 1018311 983178
4100
19790 846257 959921 1085308
4300
12493 1047552 1116170 725528
4800
140587 684258 770342 944702
4200
10567 1138548 1390530 849038
4500
17568 1102062 837674 671663
4400
22566 1124599 1134098 643562
4600
30603 971394 1403710 869859
4700
17578 997772 1132654 650233
4900
24330 1159094 1365716 1080902
5100
26407 1141595 1314380 1440536
5800
24297 1036150 1339164 1401283
5400
27672 1166867 1201979 1349385
5500
34351 1219644 1056373 1875195
5300
29463 1300675 1490347 977552
5000
81778 1621611 849437 667149
5700
30450 1478451 2090621 1006869
5900
28847 1439190 1904602 1229329
5200
38906 1909276 1721534 1282587
5600
33790 1848699 1743019 862199
